0.000000 0.000000
0.002500 0.581542
0.005000 0.590755
0.007500 0.599967
0.010000 0.000000
0.012500 0.952368
0.015000 0.821696
0.017500 0.691024
0.020000 1.304421
0.022500 1.219441
0.025000 1.134460
0.027500 1.049479
0.030000 0.964498
0.032500 0.879517
0.035000 1.482008
0.037500 1.418170
0.040000 1.354332
0.042500 1.290494
0.045000 1.226656
0.047500 1.162818
0.050000 1.098980
0.052500 1.035142
0.055000 0.971304
0.057500 0.907466
0.060000 0.843628
0.062500 0.779790
0.065000 1.436508
0.067500 1.404652
0.070000 1.372796
0.072500 1.340940
0.075000 1.309084
0.077500 1.277228
0.080000 1.245372
0.082500 1.213516
0.085000 1.181660
0.087500 1.149804
0.090000 1.117948
0.092500 1.086092
0.095000 1.054236
0.097500 1.022380
0.100000 0.990524
0.102500 0.958668
0.105000 0.926812
0.107500 0.894956
0.110000 0.863100
0.112500 0.831244
0.115000 0.799388
0.117500 1.475643
0.120000 1.458025
0.122500 1.440407
0.125000 1.422789
0.127500 1.405170
0.130000 1.387552
0.132500 1.369934
0.135000 1.352315
0.137500 1.334697
0.140000 1.317079
0.142500 1.299461
0.145000 1.281842
0.147500 1.264224
0.150000 1.246606
0.152500 1.228987
0.155000 1.211369
0.157500 1.193751
0.160000 1.176133
0.162500 1.158514
0.165000 1.140896
0.167500 1.123278
0.170000 1.105660
0.172500 1.088041
0.175000 1.070423
0.177500 1.052805
0.180000 1.035186
0.182500 1.017568
0.185000 0.999950
0.187500 0.982332
0.190000 0.964713
0.192500 0.947095
0.195000 0.929477
0.197500 0.911858
0.200000 0.894240
0.202500 0.876622
0.205000 0.859004
0.207500 0.841385
0.210000 0.823767
0.212500 0.806149
0.215000 1.503115
0.217500 1.493491
0.220000 1.483867
0.222500 1.474243
0.225000 1.464620
0.227500 1.454996
0.230000 1.445372
0.232500 1.435748
0.235000 1.426124
0.237500 1.416500
0.240000 1.406876
0.242500 1.397253
0.245000 1.387629
0.247500 1.378005
0.250000 1.368381
0.252500 1.358757
0.255000 1.349133
0.257500 1.339509
0.260000 1.329885
0.262500 1.320262
0.265000 1.310638
0.267500 1.301014
0.270000 1.291390
0.272500 1.281766
0.275000 1.272142
0.277500 1.262518
0.280000 1.252895
0.282500 1.243271
0.285000 1.233647
0.287500 1.224023
0.290000 1.214399
0.292500 1.204775
0.295000 1.195151
0.297500 1.185528
0.300000 1.175904
0.302500 1.166280
0.305000 1.156656
0.307500 1.147032
0.310000 1.137408
0.312500 1.127784
0.315000 1.118161
0.317500 1.108537
0.320000 1.098913
0.322500 1.089289
0.325000 1.079665
0.327500 1.070041
0.330000 1.060417
0.332500 1.050794
0.335000 1.041170
0.337500 1.031546
0.340000 1.021922
0.342500 1.012298
0.345000 1.002674
0.347500 0.993050
0.350000 0.983427
0.352500 0.973803
0.355000 0.964179
0.357500 0.954555
0.360000 0.944931
0.362500 0.935307
0.365000 0.925683
0.367500 0.916059
0.370000 0.906436
0.372500 0.896812
0.375000 0.887188
0.377500 0.877564
0.380000 0.867940
0.382500 0.858316
0.385000 0.848692
0.387500 0.839069
0.390000 0.829445
0.392500 0.819821
0.395000 0.810197
0.397500 1.537574
0.400000 1.532275
0.402500 1.526976
0.405000 1.521677
0.407500 1.516378
0.410000 1.511079
0.412500 1.505780
0.415000 1.500481
0.417500 1.495182
0.420000 1.489883
0.422500 1.484584
0.425000 1.479285
0.427500 1.473986
0.430000 1.468687
0.432500 1.463388
0.435000 1.458089
0.437500 1.452790
0.440000 1.447491
0.442500 1.442192
0.445000 1.436893
0.447500 1.431593
0.450000 1.426294
0.452500 1.420995
0.455000 1.415696
0.457500 1.410397
0.460000 1.405098
0.462500 1.399799
0.465000 1.394500
0.467500 1.389201
0.470000 1.383902
0.472500 1.378603
0.475000 1.373304
0.477500 1.368005
0.480000 1.362706
0.482500 1.357407
0.485000 1.352108
0.487500 1.346809
0.490000 1.341510
0.492500 1.336211
0.495000 1.330912
0.497500 1.325613
0.500000 1.320314
0.502500 1.315014
0.505000 1.309715
0.507500 1.304416
0.510000 1.299117
0.512500 1.293818
0.515000 1.288519
0.517500 1.283220
0.520000 1.277921
0.522500 1.272622
0.525000 1.267323
0.527500 1.262024
0.530000 1.256725
0.532500 1.251426
0.535000 1.246127
0.537500 1.240828
0.540000 1.235529
0.542500 1.230230
0.545000 1.224931
0.547500 1.219632
0.550000 1.214333
0.552500 1.209034
0.555000 1.203735
0.557500 1.198435
0.560000 1.193136
0.562500 1.187837
0.565000 1.182538
0.567500 1.177239
0.570000 1.171940
0.572500 1.166641
0.575000 1.161342
0.577500 1.156043
0.580000 1.150744
0.582500 1.145445
0.585000 1.140146
0.587500 1.134847
0.590000 1.129548
0.592500 1.124249
0.595000 1.118950
0.597500 1.113651
0.600000 1.108352
0.602500 1.103053
0.605000 1.097754
0.607500 1.092455
0.610000 1.087156
0.612500 1.081856
0.615000 1.076557
0.617500 1.071258
0.620000 1.065959
0.622500 1.060660
0.625000 1.055361
0.627500 1.050062
0.630000 1.044763
0.632500 1.039464
0.635000 1.034165
0.637500 1.028866
0.640000 1.023567
0.642500 1.018268
0.645000 1.012969
0.647500 1.007670
0.650000 1.002371
0.652500 0.997072
0.655000 0.991773
0.657500 0.986474
0.660000 0.981175
0.662500 0.975876
0.665000 0.970577
0.667500 0.965277
0.670000 0.959978
0.672500 0.954679
0.675000 0.949380
0.677500 0.944081
0.680000 0.938782
0.682500 0.933483
0.685000 0.928184
0.687500 0.922885
0.690000 0.917586
0.692500 0.912287
0.695000 0.906988
0.697500 0.901689
0.700000 0.896390
0.702500 0.891091
0.705000 0.885792
0.707500 0.880493
0.710000 0.875194
0.712500 0.869895
0.715000 0.864596
0.717500 0.859297
0.720000 0.853998
0.722500 0.848698
0.725000 0.843399
0.727500 0.838100
0.730000 0.832801
0.732500 0.827502
0.735000 1.598673
0.737500 1.595720
0.740000 1.592768
0.742500 1.589816
0.745000 1.586863
0.747500 1.583911
0.750000 1.580958
0.752500 1.578006
0.755000 1.575054
0.757500 1.572101
0.760000 1.569149
0.762500 1.566196
0.765000 1.563244
0.767500 1.560292
0.770000 1.557339
0.772500 1.554387
0.775000 1.551434
0.777500 1.548482
0.780000 1.545530
0.782500 1.542577
0.785000 1.539625
0.787500 1.536672
0.790000 1.533720
0.792500 1.530768
0.795000 1.527815
0.797500 1.524863
0.800000 1.521910
0.802500 1.518958
0.805000 1.516006
0.807500 1.513053
0.810000 1.510101
0.812500 1.507148
0.815000 1.504196
0.817500 1.501244
0.820000 1.498291
0.822500 1.495339
0.825000 1.492386
0.827500 1.489434
0.830000 1.486482
0.832500 1.483529
0.835000 1.480577
0.837500 1.477624
0.840000 1.474672
0.842500 1.471720
0.845000 1.468767
0.847500 1.465815
0.850000 1.462862
0.852500 1.459910
0.855000 1.456958
0.857500 1.454005
0.860000 1.451053
0.862500 1.448100
0.865000 1.445148
0.867500 1.442196
0.870000 1.439243
0.872500 1.436291
0.875000 1.433338
0.877500 1.430386
0.880000 1.427434
0.882500 1.424481
0.885000 1.421529
0.887500 1.418576
0.890000 1.415624
0.892500 1.412672
0.895000 1.409719
0.897500 1.406767
0.900000 1.403814
0.902500 1.400862
0.905000 1.397910
0.907500 1.394957
0.910000 1.392005
0.912500 1.389052
0.915000 1.386100
0.917500 1.383148
0.920000 1.380195
0.922500 1.377243
0.925000 1.374290
0.927500 1.371338
0.930000 1.368386
0.932500 1.365433
0.935000 1.362481
0.937500 1.359528
0.940000 1.356576
0.942500 1.353624
0.945000 1.350671
0.947500 1.347719
0.950000 1.344766
0.952500 1.341814
0.955000 1.338862
0.957500 1.335909
0.960000 1.332957
0.962500 1.330004
0.965000 1.327052
0.967500 1.324100
0.970000 1.321147
0.972500 1.318195
0.975000 1.315242
0.977500 1.312290
0.980000 1.309338
0.982500 1.306385
0.985000 1.303433
0.987500 1.300480
0.990000 1.297528
0.992500 1.294576
0.995000 1.291623
0.997500 1.288671
1.000000 1.285718
1.002500 1.282766
1.005000 1.279814
1.007500 1.276861
1.010000 1.273909
1.012500 1.270956
1.015000 1.268004
1.017500 1.265052
1.020000 1.262099
1.022500 1.259147
1.025000 1.256194
1.027500 1.253242
1.030000 1.250290
1.032500 1.247337
1.035000 1.244385
1.037500 1.241432
1.040000 1.238480
1.042500 1.235528
1.045000 1.232575
1.047500 1.229623
1.050000 1.226670
1.052500 1.223718
1.055000 1.220766
1.057500 1.217813
1.060000 1.214861
1.062500 1.211908
1.065000 1.208956
1.067500 1.206004
1.070000 1.203051
1.072500 1.200099
1.075000 1.197146
1.077500 1.194194
1.080000 1.191242
1.082500 1.188289
1.085000 1.185337
1.087500 1.182384
1.090000 1.179432
1.092500 1.176480
1.095000 1.173527
1.097500 1.170575
1.100000 1.167622
1.102500 1.164670
1.105000 1.161718
1.107500 1.158765
1.110000 1.155813
1.112500 1.152860
1.115000 1.149908
1.117500 1.146956
1.120000 1.144003
1.122500 1.141051
1.125000 1.138098
1.127500 1.135146
1.130000 1.132194
1.132500 1.129241
1.135000 1.126289
1.137500 1.123336
1.140000 1.120384
1.142500 1.117432
1.145000 1.114479
1.147500 1.111527
1.150000 1.108574
1.152500 1.105622
1.155000 1.102670
1.157500 1.099717
1.160000 1.096765
1.162500 1.093812
1.165000 1.090860
1.167500 1.087908
1.170000 1.084955
1.172500 1.082003
1.175000 1.079050
1.177500 1.076098
1.180000 1.073146
1.182500 1.070193
1.185000 1.067241
1.187500 1.064288
1.190000 1.061336
1.192500 1.058384
1.195000 1.055431
1.197500 1.052479
1.200000 1.049526
1.202500 1.046574
1.205000 1.043622
1.207500 1.040669
1.210000 1.037717
1.212500 1.034764
1.215000 1.031812
1.217500 1.028860
1.220000 1.025907
1.222500 1.022955
1.225000 1.020002
1.227500 1.017050
1.230000 1.014098
1.232500 1.011145
1.235000 1.008193
1.237500 1.005240
1.240000 1.002288
1.242500 0.999336
1.245000 0.996383
1.247500 0.993431
1.250000 0.990478
1.252500 0.987526
1.255000 0.984574
1.257500 0.981621
1.260000 0.978669
1.262500 0.975716
1.265000 0.972764
1.267500 0.969812
1.270000 0.966859
1.272500 0.963907
1.275000 0.960954
1.277500 0.958002
1.280000 0.955050
1.282500 0.952097
1.285000 0.949145
1.287500 0.946192
1.290000 0.943240
1.292500 0.940288
1.295000 0.937335
1.297500 0.934383
1.300000 0.931430
1.302500 0.928478
1.305000 0.925526
1.307500 0.922573
1.310000 0.919621
1.312500 0.916668
1.315000 0.913716
1.317500 0.910764
1.320000 0.907811
1.322500 0.904859
1.325000 0.901906
1.327500 0.898954
1.330000 0.896002
1.332500 0.893049
1.335000 0.890097
1.337500 0.887144
1.340000 0.884192
1.342500 0.881240
1.345000 0.878287
1.347500 0.875335
1.350000 0.872382
1.352500 0.869430
1.355000 1.722435
1.357500 1.720757
1.360000 1.719079
1.362500 1.717401
1.365000 1.715724
1.367500 1.714046
1.370000 1.712368
1.372500 1.710690
1.375000 1.709013
1.377500 1.707335
1.380000 1.705657
1.382500 1.703979
1.385000 1.702301
1.387500 1.700624
1.390000 1.698946
1.392500 1.697268
1.395000 1.695590
1.397500 1.693913
1.400000 1.692235
1.402500 1.690557
1.405000 1.688879
1.407500 1.687202
1.410000 1.685524
1.412500 1.683846
1.415000 1.682168
1.417500 1.680490
1.420000 1.678813
1.422500 1.677135
1.425000 1.675457
1.427500 1.673779
1.430000 1.672102
1.432500 1.670424
1.435000 1.668746
1.437500 1.667068
1.440000 1.665390
1.442500 1.663713
1.445000 1.662035
1.447500 1.660357
1.450000 1.658679
1.452500 1.657002
1.455000 1.655324
1.457500 1.653646
1.460000 1.651968
1.462500 1.650290
1.465000 1.648613
1.467500 1.646935
1.470000 1.645257
1.472500 1.643579
1.475000 1.641902
1.477500 1.640224
1.480000 1.638546
1.482500 1.636868
1.485000 1.635191
1.487500 1.633513
1.490000 1.631835
1.492500 1.630157
1.495000 1.628479
1.497500 1.626802
1.500000 1.625124
1.502500 1.623446
1.505000 1.621768
1.507500 1.620091
1.510000 1.618413
1.512500 1.616735
1.515000 1.615057
1.517500 1.613379
1.520000 1.611702
1.522500 1.610024
1.525000 1.608346
1.527500 1.606668
1.530000 1.604991
1.532500 1.603313
1.535000 1.601635
1.537500 1.599957
1.540000 1.598279
1.542500 1.596602
1.545000 1.594924
1.547500 1.593246
1.550000 1.591568
1.552500 1.589891
1.555000 1.588213
1.557500 1.586535
1.560000 1.584857
1.562500 1.583180
1.565000 1.581502
1.567500 1.579824
1.570000 1.578146
1.572500 1.576468
1.575000 1.574791
1.577500 1.573113
1.580000 1.571435
1.582500 1.569757
1.585000 1.568080
1.587500 1.566402
1.590000 1.564724
1.592500 1.563046
1.595000 1.561368
1.597500 1.559691
1.600000 1.558013
1.602500 1.556335
1.605000 1.554657
1.607500 1.552980
1.610000 1.551302
1.612500 1.549624
1.615000 1.547946
1.617500 1.546268
1.620000 1.544591
1.622500 1.542913
1.625000 1.541235
1.627500 1.539557
1.630000 1.537880
1.632500 1.536202
1.635000 1.534524
1.637500 1.532846
1.640000 1.531168
1.642500 1.529491
1.645000 1.527813
1.647500 1.526135
1.650000 1.524457
1.652500 1.522780
1.655000 1.521102
1.657500 1.519424
1.660000 1.517746
1.662500 1.516069
1.665000 1.514391
1.667500 1.512713
1.670000 1.511035
1.672500 1.509357
1.675000 1.507680
1.677500 1.506002
1.680000 1.504324
1.682500 1.502646
1.685000 1.500969
1.687500 1.499291
1.690000 1.497613
1.692500 1.495935
1.695000 1.494257
1.697500 1.492580
1.700000 1.490902
1.702500 1.489224
1.705000 1.487546
1.707500 1.485869
1.710000 1.484191
1.712500 1.482513
1.715000 1.480835
1.717500 1.479157
1.720000 1.477480
1.722500 1.475802
1.725000 1.474124
1.727500 1.472446
1.730000 1.470769
1.732500 1.469091
1.735000 1.467413
1.737500 1.465735
1.740000 1.464058
1.742500 1.462380
1.745000 1.460702
1.747500 1.459024
1.750000 1.457346
1.752500 1.455669
1.755000 1.453991
1.757500 1.452313
1.760000 1.450635
1.762500 1.448958
1.765000 1.447280
1.767500 1.445602
1.770000 1.443924
1.772500 1.442246
1.775000 1.440569
1.777500 1.438891
1.780000 1.437213
1.782500 1.435535
1.785000 1.433858
1.787500 1.432180
1.790000 1.430502
1.792500 1.428824
1.795000 1.427146
1.797500 1.425469
1.800000 1.423791
1.802500 1.422113
1.805000 1.420435
1.807500 1.418758
1.810000 1.417080
1.812500 1.415402
1.815000 1.413724
1.817500 1.412047
1.820000 1.410369
1.822500 1.408691
1.825000 1.407013
1.827500 1.405335
1.830000 1.403658
1.832500 1.401980
1.835000 1.400302
1.837500 1.398624
1.840000 1.396947
1.842500 1.395269
1.845000 1.393591
1.847500 1.391913
1.850000 1.390235
1.852500 1.388558
1.855000 1.386880
1.857500 1.385202
1.860000 1.383524
1.862500 1.381847
1.865000 1.380169
1.867500 1.378491
1.870000 1.376813
1.872500 1.375135
1.875000 1.373458
1.877500 1.371780
1.880000 1.370102
1.882500 1.368424
1.885000 1.366747
1.887500 1.365069
1.890000 1.363391
1.892500 1.361713
1.895000 1.360035
1.897500 1.358358
1.900000 1.356680
1.902500 1.355002
1.905000 1.353324
1.907500 1.351647
1.910000 1.349969
1.912500 1.348291
1.915000 1.346613
1.917500 1.344936
1.920000 1.343258
1.922500 1.341580
1.925000 1.339902
1.927500 1.338224
1.930000 1.336547
1.932500 1.334869
1.935000 1.333191
1.937500 1.331513
1.940000 1.329836
1.942500 1.328158
1.945000 1.326480
1.947500 1.324802
1.950000 1.323124
1.952500 1.321447
1.955000 1.319769
1.957500 1.318091
1.960000 1.316413
1.962500 1.314736
1.965000 1.313058
1.967500 1.311380
1.970000 1.309702
1.972500 1.308024
1.975000 1.306347
1.977500 1.304669
1.980000 1.302991
1.982500 1.301313
1.985000 1.299636
1.987500 1.297958
1.990000 1.296280
1.992500 1.294602
1.995000 1.292925
1.997500 1.291247
2.000000 1.289569
2.002500 1.287891
2.005000 1.286213
2.007500 1.284536
2.010000 1.282858
2.012500 1.281180
2.015000 1.279502
2.017500 1.277825
2.020000 1.276147
2.022500 1.274469
2.025000 1.272791
2.027500 1.271113
2.030000 1.269436
2.032500 1.267758
2.035000 1.266080
2.037500 1.264402
2.040000 1.262725
2.042500 1.261047
2.045000 1.259369
2.047500 1.257691
2.050000 1.256013
2.052500 1.254336
2.055000 1.252658
2.057500 1.250980
2.060000 1.249302
2.062500 1.247625
2.065000 1.245947
2.067500 1.244269
2.070000 1.242591
2.072500 1.240913
2.075000 1.239236
2.077500 1.237558
2.080000 1.235880
2.082500 1.234202
2.085000 1.232525
2.087500 1.230847
2.090000 1.229169
2.092500 1.227491
2.095000 1.225814
2.097500 1.224136
2.100000 1.222458
2.102500 1.220780
2.105000 1.219102
2.107500 1.217425
2.110000 1.215747
2.112500 1.214069
2.115000 1.212391
2.117500 1.210714
2.120000 1.209036
2.122500 1.207358
2.125000 1.205680
2.127500 1.204002
2.130000 1.202325
2.132500 1.200647
2.135000 1.198969
2.137500 1.197291
2.140000 1.195614
2.142500 1.193936
2.145000 1.192258
2.147500 1.190580
2.150000 1.188902
2.152500 1.187225
2.155000 1.185547
2.157500 1.183869
2.160000 1.182191
2.162500 1.180514
2.165000 1.178836
2.167500 1.177158
2.170000 1.175480
2.172500 1.173803
2.175000 1.172125
2.177500 1.170447
2.180000 1.168769
2.182500 1.167091
2.185000 1.165414
2.187500 1.163736
2.190000 1.162058
2.192500 1.160380
2.195000 1.158703
2.197500 1.157025
2.200000 1.155347
2.202500 1.153669
2.205000 1.151991
2.207500 1.150314
2.210000 1.148636
2.212500 1.146958
2.215000 1.145280
2.217500 1.143603
2.220000 1.141925
2.222500 1.140247
2.225000 1.138569
2.227500 1.136891
2.230000 1.135214
2.232500 1.133536
2.235000 1.131858
2.237500 1.130180
2.240000 1.128503
2.242500 1.126825
2.245000 1.125147
2.247500 1.123469
2.250000 1.121792
2.252500 1.120114
2.255000 1.118436
2.257500 1.116758
2.260000 1.115080
2.262500 1.113403
2.265000 1.111725
2.267500 1.110047
2.270000 1.108369
2.272500 1.106692
2.275000 1.105014
2.277500 1.103336
2.280000 1.101658
2.282500 1.099980
2.285000 1.098303
2.287500 1.096625
2.290000 1.094947
2.292500 1.093269
2.295000 1.091592
2.297500 1.089914
2.300000 1.088236
2.302500 1.086558
2.305000 1.084880
2.307500 1.083203
2.310000 1.081525
2.312500 1.079847
2.315000 1.078169
2.317500 1.076492
2.320000 1.074814
2.322500 1.073136
2.325000 1.071458
2.327500 1.069780
2.330000 1.068103
2.332500 1.066425
2.335000 1.064747
2.337500 1.063069
2.340000 1.061392
2.342500 1.059714
2.345000 1.058036
2.347500 1.056358
2.350000 1.054681
2.352500 1.053003
2.355000 1.051325
2.357500 1.049647
2.360000 1.047969
2.362500 1.046292
2.365000 1.044614
2.367500 1.042936
2.370000 1.041258
2.372500 1.039581
2.375000 1.037903
2.377500 1.036225
2.380000 1.034547
2.382500 1.032869
2.385000 1.031192
2.387500 1.029514
2.390000 1.027836
2.392500 1.026158
2.395000 1.024481
2.397500 1.022803
2.400000 1.021125
2.402500 1.019447
2.405000 1.017769
2.407500 1.016092
2.410000 1.014414
2.412500 1.012736
2.415000 1.011058
2.417500 1.009381
2.420000 1.007703
2.422500 1.006025
2.425000 1.004347
2.427500 1.002670
2.430000 1.000992
2.432500 0.999314
2.435000 0.997636
2.437500 0.995958
2.440000 0.994281
2.442500 0.992603
2.445000 0.990925
2.447500 0.989247
2.450000 0.987570
2.452500 0.985892
2.455000 0.984214
2.457500 0.982536
2.460000 0.980858
2.462500 0.979181
2.465000 0.977503
2.467500 0.975825
2.470000 0.974147
2.472500 0.972470
2.475000 0.970792
2.477500 0.969114
2.480000 0.967436
2.482500 0.965758
2.485000 0.964081
2.487500 0.962403
2.490000 0.960725
2.492500 0.959047
2.495000 0.957370
2.497500 0.955692
2.500000 0.954014
